===PWM===
 'A': (0.3333333333333333, 0.0,                 1.0, 0.0, 0.6666666666666666, 0.6666666666666666),
 'C': (0.0,                0.0,                 0.0, 0.0, 0.3333333333333333, 0.0),
 'G': (0.0,                0.8333333333333334,  0.0, 0.0, 0.0,                0.3333333333333333),
 'T': (0.6666666666666666, 0.16666666666666666, 0.0, 1.0, 0.0,                0.0)

===Pseudocount PSSM=== 
 'A': [ 0.2630344058337938,  -1.3219280948873622,    1.4854268271702415,   -1.3219280948873622,    1.0,                   1.0],
 'C': [-1.3219280948873622,  -1.3219280948873622,   -1.3219280948873622,   -1.3219280948873622,    0.2630344058337938,   -1.3219280948873622],
 'G': [-1.3219280948873622,   1.2630344058337937,   -1.3219280948873622,   -1.3219280948873622,   -1.3219280948873622,    0.2630344058337938],
 'T': [ 1.0,                 -0.3219280948873623,   -1.3219280948873622,    1.4854268271702415,   -1.3219280948873622,   -1.3219280948873622]

===Logo letter heights (when total length is 1.0)===
 'A': (0.3, 0.1, 0.7, 0.1, 0.5, 0.5),
 'C': (0.1, 0.1, 0.1, 0.1, 0.3, 0.1),
 'G': (0.1, 0.6, 0.1, 0.1, 0.1, 0.3),
 'T': (0.5, 0.2, 0.1, 0.7, 0.1, 0.1)